1
4
7
7
9
10
12
15
17
19
20
23
26
26
28
29
31
34
34
34
35
38
41
43
43
44
46
47
51
51
51
53
55
55
57
57
60
62
64
66
67
69
72
76
78
79
81
84
84
85
86
89
92
94
96
97
100
102
103
105
106
109
109
109
111
112
112
114
116
116
117
120
122
122
122
123
126
129
133
133
134
137
139
139
139
139
141
143
147
147
148
150
152
154
154
155
158
161
161
161
162
165
168
172
174
175
178
181
181
181
182
185
187
189
191
191
191
194
196
196
197
200
203
203
203
204
206
209
209
209
210
212
215
217
217
218
221
224
226
226
226
228
231
231
233
234
237
237
239
239
240
243
246
246
248
249
252
255
259
259
260
263
266
270
270
271
274
277
277
279
280
283
286
286
286
287
290
290
293
295
296
299
302
302
302
303
306
309
309
311
311
314
317
319
319
320
322
324
328
330
331
333
336
340
340
341
344
347
349
349
350
352
355
355
355
356
359
362
364
364
365
368
371
373
375
376
379
382
386
388
389
392
395
395
397
398
400
402
406
408
408
408
411
413
415
416
419
421
423
423
424
426
427
429
431
432
433
435
437
439
439
442
442
442
443
444
445
447
451
453
454
456
457
459
459
460
463
466
468
468
469
472
475
477
477
478
481
484
486
488
489
492
495
495
495
496
497
499
501
503
503
503
506
510
510
510
513
516
516
516
516
519
522
526
526
527
527
530
530
532
533
536
539
539
539
540
543
546
548
548
549
552
552
552
554
555
558
560
562
562
563
565
568
572
574
575
577
578
580
582
583
586
589
589
591
592
595
598
598
598
598
600
602
604
604
605
607
610
610
611
612
615
617
617
617
618
620
623
627
627
628
631
633
633
633
634
637
640
640
642
643
646
646
649
649
650
652
655
657
657
658
661
663
665
665
666
669
669
673
673
674
677
680
680
680
681
684
687
689
691
692
695
697
698
699
700
703
705
706
707
708
710
713
713
714
715
717
719
723
725
726
729
732
732
732
733
736
738
740
740
741
744
746
750
750
751
753
754
756
756
757
760
762
764
766
767
770
773
773
773
773
776
776
776
777
778
781
781
784
786
786
786
788
790
792
793
795
797
799
799
799
801
804
804
806
807
810
812
812
812
812
814
815
819
819
820
823
826
828
828
829
832
835
837
837
838
841
844
846
846
847
850
853
855
857
858
858
861
861
861
862
865
867
871
871
871
871
874
874
874
875
878
880
882
882
883
886
889
889
891
892
895
897
897
897
897
899
901
903
903
904
906
908
908
910
911
914
917
917
917
918
921
923
925
925
926
928
931
931
933
934
937
940
944
946
946
946
946
949
951
952
955
958
960
962
963
966
968
970
970
971
973
975
976
976
976
978
981
981
981
982
984
987
991
991
992
994
997
997
997
998
1001
1004
1004
1004
1005
1008
1008
1011
1013
1014
1017
1019
1020
1022
1023
1026
1029
1033
1035
1036
1039
1041
1043
1043
1044
1047
1049
1049
1049
1050
1053
1055
1055
1055
1056
1059
1061
1063
1063
1064
1067
1070
1072
1074
1075
1078
1080
1084
1084
1085
1087
1090
1090
1090
1090
1093
1095
1097
1097
1098
1100
1101
1104
1106
1107
1109
1110
1112
1114
1115
1118
1121
1125
1127
1128
1131
1134
1136
1138
1139
1139
1142
1144
1144
1144
1146
1147
1151
1153
1154
1157
1157
1161
1163
1164
1166
1169
1169
1169
1170
1172
1173
1175
1175
1175
1178
1178
1182
1182
1183
1186
1188
1190
1190
1191
1194
1197
1199
1201
1201
1201
1204
1208
1210
1211
1213
1214
1217
1217
1218
1221
1224
1226
1228
1229
1229
1232
1234
1236
1237
1240
1242
1242
1243
1243
1244
1246
1247
1247
1247
1250
1253
1253
1253
1253
1255
1257
1259
1259
1260
1263
1265
1267
1269
1270
1272
1275
1275
1275
1275
1277
1278
1279
1279
1280
1282
1284
1286
1288
1288
1291
1291
1294
1294
1294
1294
1297
1297
1297
1298
1300
1303
1303
1303
1304
1307
1310
1310
1310
1311
1313
1314
1317
1317
1318
1321
1324
1326
1328
1329
1331
1332
1334
1334
1335
1338
1341
1341
1341
1342
1345
1348
1348
1348
1348
1350
1351
1353
1353
1354
1357
1360
1362
1362
1362
1364
1367
1367
1369
1370
1373
1373
1373
1375
1375
1377
1378
1378
1380
1381
1383
1384
1387
1389
1389
1389
1392
1392
1392
1393
1396
1398
1398
1398
1399
1402
1405
1405
1405
1406
1409
1412
1412
1412
1413
1415
1418
1418
1418
1419
1422
1424
1426
1426
1426
1428
1429
1431
1431
1432
1434
1437
1437
1437
1438
1440
1442
1446
1446
1447
1450
1452
1452
1454
1455
1458
1460
1462
1462
1463
1466
1469
1473
1473
1474
1477
1479
1481
1483
1484
1487
1487
1490
1490
1490
1493
1493
1496
1496
1496
1499
1502
1506
1506
1506
1506
1509
1509
1509
1510
1512
1515
1517
1519
1520
1522
1523
1523
1524
1525
1527
1530
1532
1534
1535
1535
1538
1540
1542
1543
1546
1549
1553
1553
1554
1556
1559
1563
1565
1566
1569
1571
1573
1575
1576
1579
1582
1582
1582
1583
1586
1586
1588
1590
1591
1594
1597
1599
1599
1600
1603
1606
1608
1608
1609
1612
1615
1619
1619
1619
1622
1625
1629
1629
1630
1632
1634
1636
1638
1639
1642
1645
1647
1649
1650
1652
1655
1655
1657
1658
1658
1658
1660
1662
1662
1662
1665
1667
1669
1670
1673
1675
1679
1679
1680
1683
1686
1686
1686
1687
1689
1692
1694
1696
1697
1700
1703
1707
1707
1708
1710
1712
1713
1715
1715
1716
1718
1720
1722
1723
1726
1728
1730
1730
1731
1733
1734
1736
1738
1739
1742
1745
1747
1749
1750
1753
1756
1758
1758
1759
1762
1764
1765
1767
1768
1771
1774
1774
1774
1774
1776
1777
1779
1779
1779
1782
1785
1785
1787
1788
1791
1793
1793
1793
1794
1796
1799
1799
1799
1800
1803
1806
1808
1808
1809
1812
1815
1817
1817
1818
1818
1821
1823
1823
1824
1826
1827
1830
1830
1830
1831
1833
1835
1837
1838
1841
1844
1848
1848
1849
1851
1852
1855
1855
1856
1859
1862
1862
1862
1863
1866
1869
1869
1871
1872
1875
1875
1878
1878
1878
1881
1884
1884
1886
1887
1890
1892
1892
1892
1893
1896
1898
1898
1899
1899
1900
1902
1903
1903
1903
1905
1908
1908
1908
1909
1912
1915
1917
1919
1920
1923
1925
1925
1927
1928
1931
1934
1936
1938
1939
1942
1942
1944
1944
1945
1948
1951
1951
1953
1954
1956
1959
1961
1961
1962
1965
1968
1970
1970
1971
1973
1975
1975
1975
1976
1979
1982
1986
1986
1987
1990
1993
1997
1997
1998
2001
2004
2004
2004
2005
2008
2010
2012
2014
2014
2014
2015
2015
2017
2018
2020
2023
2023
2023
2024
2026
2029
2033
2033
2034
2037
2037
2037
2039
2039
2042
2044
2044
2046
2047
2050
2053
2053
2053
2053
2055
2057
2058
2058
2059
2062
2065
2067
2069
2070
2073
2075
2077
2077
2078
2081
2081
2083
2085
2086
2088
2090
2092
2092
2093
2096
2096
2098
2100
2101
2104
2107
2109
2111
2112
2115
2118
2120
2122
2123
2125
2126
2128
2128
2129
2132
2135
2137
2137
2137
2139
2140
2143
2143
2143
2144
2146
2146
2146
2147
2150
2152
2152
2152
2153
2155
2156
2158
2160
2161
2164
2166
2168
2170
2171
2173
2176
2176
2177
2178
2180
2183
2183
2184
2185
2188
2190
2190
2192
2192
2195
2195
2195
2196
2197
2197
2200
2200
2202
2203
2205
2207
2209
2209
2209
2211
2213
2214
2214
2215
2218
2218
2220
2222
2222
2225
2228
2232
2232
2233
2236
2239
2239
2241
2242
2245
2247
2251
2251
2252
2255
2258
2258
2258
2259
2262
2265
2267
2267
2268
2271
2274
2278
2278
2278
2278
2281
2283
2285
2286
2289
2289
2292
2292
2292
2294
2297
2299
2301
2302
2304
2307
2307
2309
2310
2313
2316
2318
2320
2321
2323
2326
2326
2328
2329
2332
2335
2337
2339
2340
2343
2345
2345
2347
2348
2351
2354
2358
2360
2361
2364
2367
2367
2367
2368
2371
2373
2373
2373
2373
2375
2378
2380
2382
2383
2386
2388
2390
2390
2391
2393
2394
2397
2397
2398
2400
2401
2403
2403
2403
2405
2407
2407
2407
2408
2410
2413
2417
2419
2420
2422
2423
2425
2425
2426
2429
2432
2436
2436
2437
2440
2442
2444
2446
2446
2448
2451
2451
2451
2451
2454
2454
2457
2457
2457
2460
2463
2467
2467
2467
2467
2470
2470
2470
2471
2473
2476
2478
2478
2479
2482
2485
2485
2485
2486
2488
2490
2492
2492
2493
2496
2499
2499
2499
2500
2502
2503
2505
2507
2508
2511
2514
2518
2518
2518
2520
2523
2527
2527
2528
2531
2533
2535
2535
2536
2539
2541
2541
2541
2542
2545
2547
2547
2547
2548
2550
2553
2557
2559
2559
2559
2559
2559
2560
2561
2563
2566
2566
2567
2568
2571
2574
2578
2578
2578
2578
2581
2585
2587
2588
2591
2593
2594
2596
2596
2598
2601
2603
2605
2606
2609
2609
2609
2609
2609
2612
2612
2615
2615
2616
2619
2621
2625
2627
2628
2631
2631
2633
2633
2634
2636
2639
2639
2641
2642
2642
2645
2647
2647
2648
2651
2654
2654
2656
2657
2660
2662
2662
2662
2663
2665
2667
2669
2669
2670
2672
2675
2675
2677
2678
2681
2684
2686
2686
2687
2690
2692
2694
2696
2697
2699
2702
2704
2704
2704
2704
2707
2709
2709
2710
2713
2715
2715
2717
2718
2721
2724
2724
2724
2724
2726
2729
2731
2731
2732
2734
2735
2737
2737
2737
2739
2741
2743
2745
2746
2749
2751
2755
2755
2755
2755
2758
2762
2762
2762
2765
2768
2768
2768
2768
2770
2772
2774
2774
2775
2778
2780
2781
2782
2782
2785
2788
2790
2790
2791
2794
2797
2797
2797
2798
2801
2801
2802
2802
2802
2805
2805
2807
2807
2808
2811
2811
2814
2814
2815
2818
2820
2820
2822
2822
2825
2827
2831
2831
2832
2832
2835
2836
2837
2838
2841
2843
2847
2847
2847
2847
2850
2850
2851
2852
2854
2855
2858
2858
2858
2860
2862
2862
2862
2863
2866
2869
2869
2869
2870
2873
2876
2878
2880
2881
2883
2886
2890
2890
2891
2893
2896
2896
2898
2899
2902
2905
2905
2905
2906
2908
2911
2911
2912
2912
2914
2917
2917
2917
2918
2921
2923
2925
2925
2925
2927
2929
2931
2931
2932
2935
2935
2936
2938
2939
2941
2943
2943
2943
2944
2947
2949
2951
2953
2954
2956
2957
2959
2959
2960
2963
2963
2966
2966
2966
2968
2968
2968
2970
2971
2974
2977
2977
2977
2978
2981
2984
2986
2988
2989
2992
2994
2994
2994
2995
2998
3001
3001
3001
3001
3002
3004
3005
3007
3007
3008
3010
3011
3011
3012
3015
3015
3017
3017
3018
3020
3023
3025
3025
3025
3027
3029
3033
3035
3036
3039
3041
3041
3041
3042
3045
3045
3047
3047
3048
3050
3053
3057
3057
3058
3061
3061
3063
3063
3064
3066
3069
3071
3071
3072
3074
3076
3076
3076
3077
3078
3080
3081
3081
3082
3085
3088
3088
3090
3091
3094
3097
3097
3097
3098
3099
3101
3103
3103
3104
3107
3109
3109
3111
3112
3115
3118
3118
3120
3121
3124
3126
3130
3130
3130
3130
3133
3133
3135
3135
3137
3139
3143
3143
3144
3147
3149
3151
3151
3152
3155
3157
3159
3159
3160
3162
3164
3164
3164
3165
3168
3171
3175
3175
3175
3177
3180
3180
3180
3180
3182
3185
3187
3187
3187
3189
3191
3193
3193
3194
3197
3199
3200
3202
3203
3206
3208
3210
3212
3213
3216
3219
3223
3223
3223
3223
3226
3226
3226
3227
3230
3233
3233
3233
3233
3235
3236
3239
3239
3240
3243
3246
3248
3250
3251
3254
3257
3259
3261
3262
3264
3267
3267
3269
3270
3272
3275
3277
3277
3278
3280
3281
3283
3285
3286
3289
3291
3291
3291
3292
3295
3298
3298
3300
3301
3304
3306
3308
3308
3309
3311
3312
3314
3314
3315
3316
3318
3320
3320
3321
3324
3327
3327
3327
3328
3331
3334
3334
3334
3335
3337
3339
3343
3345
3346
3349
3352
3352
3352
3353
3356
3358
3360
3360
3361
3364
3366
3370
3370
3371
3373
3374
3376
3376
3377
3380
3382
3384
3386
3387
3390
3393
3393
3393
3393
3396
3396
3396
3397
3398
3401
3401
3404
3406
3406
3406
3408
3410
3412
3413
3415
3417
3419
3419
3419
3421
3424
3424
3426
3427
3430
3432
3432
3432
3432
3434
3435
3439
3439
3440
3443
3446
3448
3448
3449
3452
3455
3457
3457
3458
3461
3464
3466
3466
3467
3470
3473
3475
3477
3478
3478
3481
3481
3481
3482
3485
3487
3491
3491
3491
3491
3494
3494
3494
3495
3498
3500
3502
3502
3503
3506
3509
3509
3511
3512
3515
3517
3517
3517
3517
3519
3521
3523
3523
3524
3526
3528
3528
3530
3531
3534
3537
3537
3537
3538
3541
3543
3545
3545
3546
3548
3551
3551
3553
3554
3557
3560
3564
3566
3566
3566
3566
3569
3571
3572
3575
3578
3580
3582
3583
3586
3588
3590
3590
3591
3593
3595
3596
3596
3596
3598
3601
3601
3601
3602
3604
3607
3611
3611
3612
3614
3617
3617
3617
3618
3621
3624
3624
3624
3625
3628
3628
3631
3633
3634
3637
3639
3640
3642
3643
3646
3649
3653
3655
3656
3659
3661
3663
3663
3664
3667
3669
3669
3669
3670
3673
3675
3675
3675
3676
3679
3681
3683
3683
3684
3687
3690
3692
3694
3695
3698
3700
3704
3704
3705
3707
3710
3710
3710
3710
3713
3715
3717
3717
3718
3720
3721
3724
3726
3727
3729
3730
3732
3734
3735
3738
3741
3745
3747
3748
3751
3754
3756
3758
3759
3759
3762
3764
3764
3764
3766
3767
3771
3773
3774
3777
3777
3781
3783
3784
3786
3789
3789
3789
3790
3792
3793
3795
3795
3795
3798
3798
3802
3802
3803
3806
3808
3810
3810
3811
3814
3817
3819
3821
3821
3821
3824
3828
3830
3831
3833
3834
3837
3837
3838
3841
3844
3846
3848
3849
3849
3852
3854
3856
3857
3860
3862
3862
3863
3863
3864
3866
3867
3867
3867
3870
3873
3873
3873
3873
3875
3877
3879
3879
3880
3883
3885
3887
3889
3890
3892
3895
3895
3895
3895
3897
3898
3899
3899
3900
3902
3904
3906
3908
3908
3911
3911
3914
3914
3914
3914
3917
3917
3917
3918
3920
3923
3923
3923
3924
3927
3930
3930
3930
3931
3933
3934
3937
3937
3938
3941
3944
3946
3948
3949
3951
3952
3954
3954
3955
3958
3961
3961
3961
3962
3965
3968
3968
3968
3968
3970
3971
3973
3973
3974
3977
3980
3982
3982
3982
3984
3987
3987
3989
3990
3993
3993
3993
3995
3995
3997
3998
3998
4000
4001
4003
4004
4007
4009
4009
4009
4012
4012
4012
4013
4016
4018
4018
4018
4019
4022
4025
4025
4025
4026
4029
4032
4032
4032
4033
4035
4038
4038
4038
4039
4042
4044
4046
4046
4046
4048
4049
4051
4051
4052
4054
4057
4057
4057
4058
4060
4062
4066
4066
4067
4070
4072
4072
4074
4075
4078
4080
4082
4082
4083
4086
4089
4093
4093
4094
4097
4099
4101
4103
4104
4107
4107
4110
4110
4110
4113
4113
4116
4116
4116
4119
4122
4126
4126
4126
4126
4129
4129
4129
4130
4132
4135
4137
4139
4140
4142
4143
4143
4144
4145
4147
4150
4152
4154
4155
4155
4158
4160
4162
4163
4166
4169
4173
4173
4174
4176
4179
4183
4185
4186
4189
4191
4193
4195
4196
4199
4202
4202
4202
4203
4206
4206
4208
4210
4211
4214
4217
4219
4219
4220
4223
4226
4228
4228
4229
4232
4235
4239
4239
4239
4242
4245
4249
4249
4250
4252
4254
4256
4258
4259
4262
4265
4267
4269
4270
4272
4275
4275
4277
4278
4278
4278
4280
4282
4282
4282
4285
4287
4289
4290
4293
4295
4299
4299
4300
4303
4306
4306
4306
4307
4309
4312
4314
4316
4317
4320
4323
4327
4327
4328
4330
4332
4333
4335
4335
4336
4338
4340
4342
4343
4346
4348
4350
4350
4351
4353
4354
4356
4358
4359
4362
4365
4367
4369
4370
4373
4376
4378
4378
4379
4382
4384
4385
4387
4388
4391
4394
4394
4394
4394
4396
4397
4399
4399
4399
4402
4405
4405
4407
4408
4411
4413
4413
4413
4414
4416
4419
4419
4419
4420
4423
4426
4428
4428
4429
4432
4435
4437
4437
4438
4438
4441
4443
4443
4444
4446
4447
4450
4450
4450
4451
4453
4455
4457
4458
4461
4464
4468
4468
4469
4471
4472
4475
4475
4476
4479
4482
4482
4482
4483
4486
4489
4489
4491
4492
4495
4495
4498
4498
4498
4501
4504
4504
4506
4507
4510
4512
4512
4512
4513
4516
4518
4518
4519
4519
4520
4522
4523
4523
4523
4525
4528
4528
4528
4529
4532
4535
4537
4539
4540
4543
4545
4545
4547
4548
4551
4554
4556
4558
4559
4562
4562
4564
4564
4565
4568
4571
4571
4573
4574
4576
4579
4581
4581
4582
4585
4588
4590
4590
4591
4593
4595
4595
4595
4596
4599
4602
4606
4606
4607
4610
4613
4617
4617
4618
4621
4624
4624
4624
4625
4628
4630
4632
4634
4634
4634
4635
4635
4637
4638
4640
4643
4643
4643
4644
4646
4649
4653
4653
4654
4657
4657
4657
4659
4659
4662
4664
4664
4666
4667
4670
4673
4673
4673
4673
4675
4677
4678
4678
4679
4682
4685
4687
4689
4690
4693
4695
4697
4697
4698
4701
4701
4703
4705
4706
4708
4710
4712
4712
4713
4716
4716
4718
4720
4721
4724
4727
4729
4731
4732
4735
4738
4740
4742
4743
4745
4746
4748
4748
4749
4752
4755
4757
4757
4757
4759
4760
4763
4763
4763
4764
4766
4766
4766
4767
4770
4772
4772
4772
4773
4775
4776
4778
4780
4781
4784
4786
4788
4790
4791
4793
4796
4796
4797
4798
4800
4803
4803
4804
4805
4808
4810
4810
4812
4812
4815
4815
4815
4816
4817
4817
4820
4820
4822
4823
4825
4827
4829
4829
4829
4831
4833
4834
4834
4835
4838
4838
4840
4842
4842
4845
4848
4852
4852
4853
4856
4859
4859
4861
4862
4865
4867
4871
4871
4872
4875
4878
4878
4878
4879
4882
4885
4887
4887
4888
4891
4894
4898
4898
4898
4898
4901
4903
4905
4906
4909
4909
4912
4912
4912
4914
4917
4919
4921
4922
4924
4927
4927
4929
4930
4933
4936
4938
4940
4941
4943
4946
4946
4948
4949
4952
4955
4957
4959
4960
4963
4965
4965
4967
4968
4971
4974
4978
4980
4981
4984
4987
4987
4987
4988
4991
4993
4993
4993
4993
4995
4998
5000
5002
5003
5006
5008
5010
5010
5011
5013
5014
5017
5017
5018
5020
5021
5023
5023
5023
5025
5027
5027
5027
5028
5030
5033
5037
5039
5040
5042
5043
5045
5045
5046
5049
5052
5056
5056
5057
5060
5062
5064
5066
5066
5068
5071
5071
5071
5071
5074
5074
5077
5077
5077
5080
5083
5087
5087
5087
5087
5090
5090
5090
5091
5093
5096
5098
5098
5099
5102
5105
5105
5105
5106
5108
5110
5112
5112
5113
5116
5119
5119
5119
5120
5122
5123
5125
5127
5128
5131
5134
5138
5138
5138
5140
5143
5147
5147
5148
5151
5153
5155
5155
5156
5159
5161
5161
5161
5162
5165
5167
5167
5167
5168
5170
5173
5177
5179
5179
5179
5179
5179
5180
5181
5183
5186
5186
5187
5188
5191
5194
5198
5198
5198
5198
5201
5205
5207
5208
5211
5213
5214
5216
5216
5218
5221
5223
5225
5226
5229
5229
5229
5229
5229
5232
5232
5235
5235
5236
5239
5241
5245
5247
5248
5251
5251
5253
5253
5254
5256
5259
5259
5261
5262
5262
5265
5267
5267
5268
5271
5274
5274
5276
5277
5280
5282
5282
5282
5283
5285
5287
5289
5289
5290
5292
5295
5295
5297
5298
5301
5304
5306
5306
5307
5310
5312
5314
5316
5317
5319
5322
5324
5324
5324
5324
5327
5329
5329
5330
5333
5335
5335
5337
5338
5341
5344
5344
5344
5344
5346
5349
5351
5351
5352
5354
5355
5357
5357
5357
5359
5361
5363
5365
5366
5369
5371
5375
5375
5375
5375
5378
5382
5382
5382
5385
5388
5388
5388
5388
5390
5392
5394
5394
5395
5398
5400
5401
5402
5402
5405
5408
5410
5410
5411
5414
5417
5417
5417
5418
5421
5421
5422
5422
5422
5425
5425
5427
5427
5428
5431
5431
5434
5434
5435
5438
5440
5440
5442
5442
5445
5447
5451
5451
5452
5452
5455
5456
5457
5458
5461
5463
5467
5467
5467
5467
5470
5470
5471
5472
5474
5475
5478
5478
5478
5480
5482
5482
5482
5483
5486
5489
5489
5489
5490
5493
5496
5498
5500
5501
5503
5506
5510
5510
5511
5513
5516
5516
5518
5519
5522
5525
5525
5525
5526
5528
5531
5531
5532
5532
5534
5537
5537
5537
5538
5541
5543
5545
5545
5545
5547
5549
5551
5551
5552
5555
5555
5556
5558
5559
5561
5563
5563
5563
5564
5567
5569
5571
5573
5574
5576
5577
5579
5579
5580
5583
5583
5586
5586
5586
5588
5588
5588
5590
5591
5594
5597
5597
5597
5598
5601
5604
5606
5608
5609
5612
5614
5614
5614
5615
5618
5621
5621
5621
5621
5622
5624
5625
5627
5627
5628
5630
5631
5631
5632
5635
5635
5637
5637
5638
5640
5643
5645
5645
5645
5647
5649
5653
5655
5656
5659
5661
5661
5661
5662
5665
5665
5667
5667
5668
5670
5673
5677
5677
5678
5681
5681
5683
5683
5684
5686
5689
5691
5691
5692
5694
5696
5696
5696
5697
5698
5700
5701
5701
5702
5705
5708
5708
5710
5711
5714
5717
5717
5717
5718
5719
5721
5723
5723
5724
5727
5729
5729
5731
5732
5735
5738
5738
5740
5741
5744
5746
5750
5750
5750
5750
5753
5753
5755
5755
5757
5759
5763
5763
5764
5767
5769
5771
5771
5772
5775
5777
5779
5779
5780
5782
5784
5784
5784
5785
5788
5791
5795
5795
5795
5797
5800
5800
5800
5800
5802
5805
5807
5807
5807
5809
5811
5813
5813
5814
5817
5819
5820
5822
5823
5826
5828
5830
5832
5833
5836
5839
5843
5843
5843
5843
5846
5846
5846
5847
5850
5853
5853
5853
5853
5855
5856
5859
5859
5860
5863
5866
5868
5870
5871
5874
5877
5879
5881
5882
5884
5887
5887
5889
5890
5892
5895
5897
5897
5898
5900
5901
5903
5905
5906
5909
5911
5911
5911
5912
5915
5918
5918
5920
5921
5924
5926
5928
5928
5929
5931
5932
5934
5934
5935
5936
5938
5940
5940
5941
5944
5947
5947
5947
5948
5951
5954
5954
5954
5955
5957
5959
5963
5965
5966
5969
5972
5972
5972
5973
5976
5978
5980
5980
5981
5984
5986
5990
5990
5991
5993
5994
5996
5996
5997
6000
6002
6004
6006
6007
6010
6013
6013
6013
6013
6016
6016
6016
6017
6018
6021
6021
6024
6026
6026
6026
6028
6030
6032
6033
6035
6037
6039
6039
6039
6041
6044
6044
6046
6047
6050
6052
6052
6052
6052
6054
6055
6059
6059
6060
6063
6066
6068
6068
6069
6072
6075
6077
6077
6078
6081
6084
6086
6086
6087
6090
6093
6095
6097
6098
6098
6101
6101
6101
6102
6105
6107
6111
6111
6111
6111
6114
6114
6114
6115
6118
6120
6122
6122
6123
6126
6129
6129
6131
6132
6135
6137
6137
6137
6137
6139
6141
6143
6143
6144
6146
6148
6148
6150
6151
6154
6157
6157
6157
6158
6161
6163
6165
6165
6166
6168
6171
6171
6173
6174
6177
6180
6184
6186
6186
6186
6186
6189
6191
6192
6195
6198
6200
6202
6203
6206
6208
6210
6210
6211
6213
6215
6216
6216
6216
6218
6221
6221
6221
6222
6224
6227
6231
6231
6232
6234
6237
6237
6237
6238
6241
6244
6244
6244
6245
6248
6248
6251
6253
6254
6257
6259
6260
6262
6263
6266
6269
6273
6275
6276
6279
6281
6283
6283
6284
6287
6289
6289
6289
6290
6293
6295
6295
6295
6296
6299
6301
6303
6303
6304
6307
6310
6312
6314
6315
6318
6320
6324
6324
6325
6327
6330
6330
6330
6330
6333
6335
6337
6337
6338
6340
6341
6344
6346
6347
6349
6350
6352
6354
6355
6358
6361
6365
6367
6368
6371
6374
6376
6378
6379
6379
6382
6384
6384
6384
6386
6387
6391
6393
6394
6397
6397
6401
6403
6404
6406
6409
6409
6409
6410
6412
6413
6415
6415
6415
6418
6418
6422
6422
6423
6426
6428
6430
6430
6431
6434
6437
6439
6441
6441
6441
6444
6448
6450
6451
6453
6454
6457
6457
6458
6461
6464
6466
6468
6469
6469
6472
6474
6476
6477
6480
6482
6482
6483
6483
6484
6486
6487
6487
6487
6490
6493
6493
6493
6493
6495
6497
6499
6499
6500
6503
6505
6507
6509
6510
6512
6515
6515
6515
6515
6517
6518
6519
6519
6520
6522
6524
6526
6528
6528
6531
6531
6534
6534
6534
6534
6537
6537
6537
6538
6540
6543
6543
6543
6544
6547
6550
6550
6550
6551
6553
6554
6557
6557
6558
6561
6564
6566
6568
6569
6571
6572
6574
6574
6575
6578
6581
6581
6581
6582
6585
6588
6588
6588
6588
6590
6591
6593
6593
6594
6597
6600
6602
6602
6602
6604
6607
6607
6609
6610
6613
6613
6613
6615
6615
6617
6618
6618
6620
6621
6623
6624
6627
6629
6629
6629
6632
6632
6632
6633
6636
6638
6638
6638
6639
6642
6645
6645
6645
6646
6649
6652
6652
6652
6653
6655
6658
6658
6658
6659
6662
6664
6666
6666
6666
6668
6669
6671
6671
6672
6674
6677
6677
6677
6678
6680
6682
6686
6686
6687
6690
6692
6692
6694
6695
6698
6700
6702
6702
6703
6706
6709
6713
6713
6714
6717
6719
6721
6723
6724
6727
6727
6730
6730
6730
6733
6733
6736
6736
6736
6739
6742
6746
6746
6746
6746
6749
6749
6749
6750
6752
6755
6757
6759
6760
6762
6763
6763
6764
6765
6767
6770
6772
6774
6775
6775
6778
6780
6782
6783
6786
6789
6793
6793
6794
6796
6799
6803
6805
6806
6809
6811
6813
6815
6816
6819
6822
6822
6822
6823
6826
6826
6828
6830
6831
6834
6837
6839
6839
6840
6843
6846
6848
6848
6849
6852
6855
6859
6859
6859
6862
6865
6869
6869
6870
6872
6874
6876
6878
6879
6882
6885
6887
6889
6890
6892
6895
6895
6897
6898
6898
6898
6900
6902
6902
6902
6905
6907
6909
6910
6913
6915
6919
6919
6920
6923
6926
6926
6926
6927
6929
6932
6934
6936
6937
6940
6943
6947
6947
6948
6950
6952
6953
6955
6955
6956
6958
6960
6962
6963
6966
6968
6970
6970
6971
6973
6974
6976
6978
6979
6982
6985
6987
6989
6990
6993
6996
6998
6998
6999
7002
7004
7005
7007
7008
7011
7014
7014
7014
7014
7016
7017
7019
7019
7019
7022
7025
7025
7027
7028
7031
7033
7033
7033
7034
7036
7039
7039
7039
7040
7043
7046
7048
7048
7049
7052
7055
7057
7057
7058
7058
7061
7063
7063
7064
7066
7067
7070
7070
7070
7071
7073
7075
7077
7078
7081
7084
7088
7088
7089
7091
7092
7095
7095
7096
7099
7102
7102
7102
7103
7106
7109
7109
7111
7112
7115
7115
7118
7118
7118
7121
7124
7124
7126
7127
7130
7132
7132
7132
7133
7136
7138
7138
7139
7139
7140
7142
7143
7143
7143
7145
7148
7148
7148
7149
7152
7155
7157
7159
7160
7163
7165
7165
7167
7168
7171
7174
7176
7178
7179
7182
7182
7184
7184
7185
7188
7191
7191
7193
7194
7196
7199
7201
7201
7202
7205
7208
7210
7210
7211
7213
7215
7215
7215
7216
7219
7222
7226
7226
7227
7230
7233
7237
7237
7238
7241
7244
7244
7244
7245
7248
7250
7252
7254
7254
7254
7255
7255
7257
7258
7260
7263
7263
7263
7264
7266
7269
7273
7273
7274
7277
7277
7277
7279
7279
7282
7284
7284
7286
7287
7290
7293
7293
7293
7293
7295
7297
7298
7298
7299
7302
7305
7307
7309
7310
7313
7315
7317
7317
7318
7321
7321
7323
7325
7326
7328
7330
7332
7332
7333
7336
7336
7338
7340
7341
7344
7347
7349
7351
7352
7355
7358
7360
7362
7363
7365
7366
7368
7368
7369
7372
7375
7377
7377
7377
7379
7380
7383
7383
7383
7384
7386
7386
7386
7387
7390
7392
7392
7392
7393
7395
7396
7398
7400
7401
7404
7406
7408
7410
7411
7413
7416
7416
7417
7418
7420
7423
7423
7424
7425
7428
7430
7430
7432
7432
7435
7435
7435
7436
7437
7437
7440
7440
7442
7443
7445
7447
7449
7449
7449
7451
7453
7454
7454
7455
7458
7458
7460
7462
7462
7465
7468
7472
7472
7473
7476
7479
7479
7481
7482
7485
7487
7491
7491
7492
7495
7498
7498
7498
7499
7502
7505
7507
7507
7508
7511
7514
7518
7518
7518
7518
7521
7523
7525
7526
7529
7529
7532
7532
7532
7534
7537
7539
7541
7542
7544
7547
7547
7549
7550
7553
7556
7558
7560
7561
7563
7566
7566
7568
7569
7572
7575
7577
7579
7580
7583
7585
7585
7587
7588
7591
7594
7598
7600
7601
7604
7607
7607
7607
7608
7611
7613
7613
7613
7613
7615
7618
7620
7622
7623
7626
7628
7630
7630
7631
7633
7634
7637
7637
7638
7640
7641
7643
7643
7643
7645
7647
7647
7647
7648
7650
7653
7657
7659
7660
7662
7663
7665
7665
7666
7669
7672
7676
7676
7677
7680
7682
7684
7686
7686
7688
7691
7691
7691
7691
7694
7694
7697
7697
7697
7700
7703
7707
7707
7707
7707
7710
7710
7710
7711
7713
7716
7718
7718
7719
7722
7725
7725
7725
7726
7728
7730
7732
7732
7733
7736
7739
7739
7739
7740
7742
7743
7745
7747
7748
7751
7754
7758
7758
7758
7760
7763
7767
7767
7768
7771
7773
7775
7775
7776
7779
7781
7781
7781
7782
7785
7787
7787
7787
7788
7790
7793
7797
7799
7799
7799
7799
7799
7800
7801
7803
7806
7806
7807
7808
7811
7814
7818
7818
7818
7818
7821
7825
7827
7828
7831
7833
7834
7836
7836
7838
7841
7843
7845
7846
7849
7849
7849
7849
7849
7852
7852
7855
7855
7856
7859
7861
7865
7867
7868
7871
7871
7873
7873
7874
7876
7879
7879
7881
7882
7882
7885
7887
7887
7888
7891
7894
7894
7896
7897
7900
7902
7902
7902
7903
7905
7907
7909
7909
7910
7912
7915
7915
7917
7918
7921
7924
7926
7926
7927
7930
7932
7934
7936
7937
7939
7942
7944
7944
7944
7944
7947
7949
7949
7950
7953
7955
7955
7957
7958
7961
7964
7964
7964
7964
7966
7969
7971
7971
7972
7974
7975
7977
7977
7977
7979
7981
7983
7985
7986
7989
7991
7995
7995
7995
7995
7998
8002
8002
8002
8005
8008
8008
8008
8008
8010
8012
8014
8014
8015
8018
8020
8021
8022
8022
8025
8028
8030
8030
8031
8034
8037
8037
8037
8038
8041
8041
8042
8042
8042
8045
8045
8047
8047
8048
8051
8051
8054
8054
8055
8058
8060
8060
8062
8062
8065
8067
8071
8071
8072
8072
8075
8076
8077
8078
8081
8083
8087
8087
8087
8087
8090
8090
8091
8092
8094
8095
8098
8098
8098
8100
8102
8102
8102
8103
8106
8109
8109
8109
8110
8113
8116
8118
8120
8121
8123
8126
8130
8130
8131
8133
8136
8136
8138
8139
8142
8145
8145
8145
8146
8148
8151
8151
8152
8152
8154
8157
8157
8157
8158
8161
8163
8165
8165
8165
8167
8169
8171
8171
8172
8175
8175
8176
8178
8179
8181
8183
8183
8183
8184
8187
8189
8191
8193
8194
8196
8197
8199
8199
8200
8203
8203
8206
8206
8206
8208
8208
8208
8210
8211
8214
8217
8217
8217
8218
8221
8224
8226
8228
8229
8232
8234
8234
8234
8235
8238
8241
8241
8241
8241
8242
8244
8245
8247
8247
8248
8250
8251
8251
8252
8255
8255
8257
8257
8258
8260
8263
8265
8265
8265
8267
8269
8273
8275
8276
8279
8281
8281
8281
8282
8285
8285
8287
8287
8288
8290
8293
8297
8297
8298
8301
8301
8303
8303
8304
8306
8309
8311
8311
8312
8314
8316
8316
8316
8317
8318
8320
8321
8321
8322
8325
8328
8328
8330
8331
8334
8337
8337
8337
8338
8339
8341
8343
8343
8344
8347
8349
8349
8351
8352
8355
8358
8358
8360
8361
8364
8366
8370
8370
8370
8370
8373
8373
8375
8375
8377
8379
8383
8383
8384
8387
8389
8391
8391
8392
8395
8397
8399
8399
8400
8402
8404
8404
8404
8405
8408
8411
8415
8415
8415
8417
8420
8420
8420
8420
8422
8425
8427
8427
8427
8429
8431
8433
8433
8434
8437
8439
8440
8442
8443
8446
8448
8450
8452
8453
8456
8459
8463
8463
8463
8463
8466
8466
8466
8467
8470
8473
8473
8473
8473
8475
8476
8479
8479
8480
8483
8486
8488
8490
8491
8494
8497
8499
8501
8502
8504
8507
8507
8509
8510
8512
8515
8517
8517
8518
8520
8521
8523
8525
8526
8529
8531
8531
8531
8532
8535
8538
8538
8540
8541
8544
8546
8548
8548
8549
8551
8552
8554
8554
8555
8556
8558
8560
8560
8561
8564
8567
8567
8567
8568
8571
8574
8574
8574
8575
8577
8579
8583
8585
8586
8589
8592
8592
8592
8593
8596
8598
8600
8600
8601
8604
8606
8610
8610
8611
8613
8614
8616
8616
8617
8620
8622
8624
8626
8627
8630
8633
8633
8633
8633
8636
8636
8636
8637
8638
8641
8641
8644
8646
8646
8646
8648
8650
8652
8653
8655
8657
8659
8659
8659
8661
8664
8664
8666
8667
8670
8672
8672
8672
8672
8674
8675
8679
8679
8680
8683
8686
8688
8688
8689
8692
8695
8697
8697
8698
8701
8704
8706
8706
8707
8710
8713
8715
8717
8718
8718
8721
8721
8721
8722
8725
8727
8731
8731
8731
8731
8734
8734
8734
8735
8738
8740
8742
8742
8743
8746
8749
8749
8751
8752
8755
8757
8757
8757
8757
8759
8761
8763
8763
8764
8766
8768
8768
8770
8771
8774
8777
8777
8777
8778
8781
8783
8785
8785
8786
8788
8791
8791
8793
8794
8797
8800
8804
8806
8806
8806
8806
8809
8811
8812
8815
8818
8820
8822
8823
8826
8828
8830
8830
8831
8833
8835
8836
8836
8836
8838
8841
8841
8841
8842
8844
8847
8851
8851
8852
8854
8857
8857
8857
8858
8861
8864
8864
8864
8865
8868
8868
8871
8873
8874
8877
8879
8880
8882
8883
8886
8889
8893
8895
8896
8899
8901
8903
8903
8904
8907
8909
8909
8909
8910
8913
8915
8915
8915
8916
8919
8921
8923
8923
8924
8927
8930
8932
8934
8935
8938
8940
8944
8944
8945
8947
8950
8950
8950
8950
8953
8955
8957
8957
8958
8960
8961
8964
8966
8967
8969
8970
8972
8974
8975
8978
8981
8985
8987
8988
8991
8994
8996
8998
8999
8999
9002
9004
9004
9004
9006
9007
9011
9013
9014
9017
9017
9021
9023
9024
9026
9029
9029
9029
9030
9032
9033
9035
9035
9035
9038
9038
9042
9042
9043
9046
9048
9050
9050
9051
9054
9057
9059
9061
9061
9061
9064
9068
9070
9071
9073
9074
9077
9077
9078
9081
9084
9086
9088
9089
9089
9092
9094
9096
9097
9100
9102
9102
9103
9103
9104
9106
9107
9107
9107
9110
9113
9113
9113
9113
9115
9117
9119
9119
9120
9123
9125
9127
9129
9130
9132
9135
9135
9135
9135
9137
9138
9139
9139
9140
9142
9144
9146
9148
9148
9151
9151
9154
9154
9154
9154
9157
9157
9157
9158
9160
9163
9163
9163
9164
9167
9170
9170
9170
9171
9173
9174
9177
9177
9178
9181
9184
9186
9188
9189
9191
9192
9194
9194
9195
9198
9201
9201
9201
9202
9205
9208
9208
9208
9208
9210
9211
9213
9213
9214
9217
9220
9222
9222
9222
9224
9227
9227
9229
9230
9233
9233
9233
9235
9235
9237
9238
9238
9240
9241
9243
9244
9247
9249
9249
9249
9252
9252
9252
9253
9256
9258
9258
9258
9259
9262
9265
9265
9265
9266
9269
9272
9272
9272
9273
9275
9278
9278
9278
9279
9282
9284
9286
9286
9286
9288
9289
9291
9291
9292
9294
9297
9297
9297
9298
9300
9302
9306
9306
9307
9310
9312
9312
9314
9315
9318
9320
9322
9322
9323
9326
9329
9333
9333
9334
9337
9339
9341
9343
9344
9347
9347
9350
9350
9350
9353
9353
9356
9356
9356
9359
9362
9366
9366
9366
9366
9369
9369
9369
9370
9372
9375
9377
9379
9380
9382
9383
9383
9384
9385
9387
9390
9392
9394
9395
9395
9398
9400
9402
9403
9406
9409
9413
9413
9414
9416
9419
9423
9425
9426
9429
9431
9433
9435
9436
9439
9442
9442
9442
9443
9446
9446
9448
9450
9451
9454
9457
9459
9459
9460
9463
9466
9468
9468
9469
9472
9475
9479
9479
9479
9482
9485
9489
9489
9490
9492
9494
9496
9498
9499
9502
9505
9507
9509
9510
9512
9515
9515
9517
9518
9518
9518
9520
9522
9522
9522
9525
9527
9529
9530
9533
9535
9539
9539
9540
9543
9546
9546
9546
9547
9549
9552
9554
9556
9557
9560
9563
9567
9567
9568
9570
9572
9573
9575
9575
9576
9578
9580
9582
9583
9586
9588
9590
9590
9591
9593
9594
9596
9598
9599
9602
9605
9607
9609
9610
9613
9616
9618
9618
9619
9622
9624
9625
9627
9628
9631
9634
9634
9634
9634
9636
9637
9639
9639
9639
9642
9645
9645
9647
9648
9651
9653
9653
9653
9654
9656
9659
9659
9659
9660
9663
9666
9668
9668
9669
9672
9675
9677
9677
9678
9678
9681
9683
9683
9684
9686
9687
9690
9690
9690
9691
9693
9695
9697
9698
9701
9704
9708
9708
9709
9711
9712
9715
9715
9716
9719
9722
9722
9722
9723
9726
9729
9729
9731
9732
9735
9735
9738
9738
9738
9741
9744
9744
9746
9747
9750
9752
9752
9752
9753
9756
9758
9758
9759
9759
9760
9762
9763
9763
9763
9765
9768
9768
9768
9769
9772
9775
9777
9779
9780
9783
9785
9785
9787
9788
9791
9794
9796
9798
9799
9802
9802
9804
9804
9805
9808
9811
9811
9813
9814
9816
9819
9821
9821
9822
9825
9828
9830
9830
9831
9833
9835
9835
9835
9836
9839
9842
9846
9846
9847
9850
9853
9857
9857
9858
9861
9864
9864
9864
9865
9868
9870
9872
9874
9874
9874
9875
9875
9877
9878
9880
9883
9883
9883
9884
9886
9889
9893
9893
9894
9897
9897
9897
9899
9899
9902
9904
9904
9906
9907
9910
9913
9913
9913
9913
9915
9917
9918
9918
9919
9922
9925
9927
9929
9930
9933
9935
9937
9937
9938
9941
9941
9943
9945
9946
9948
9950
9952
9952
9953
9956
9956
9958
9960
9961
9964
9967
9969
9971
9972
9975
9978
9980
9982
9983
9985
9986
9988
9988
9989
9992
9995
9997
9997
9997
9999
10000
10003
10003
10003
10004
10006
10006
10006
10007
10010
10012
10012
10012
10013
10015
10016
10018
10020
10021
10024
10026
10028
10030
10031
10033
10036
10036
10037
10038
10040
10043
10043
10044
10045
10048
10050
10050
10052
10052
10055
10055
10055
10056
10057
10057
10060
10060
10062
10063
10065
10067
10069
10069
10069
10071
10073
10074
10074
10075
10078
10078
10080
10082
10082
10085
10088
10092
10092
10093
10096
10099
10099
10101
10102
10105
10107
10111
10111
10112
10115
10118
10118
10118
10119
10122
10125
10127
10127
10128
10131
10134
10138
10138
10138
10138
10141
10143
10145
10146
10149
10149
10152
10152
10152
10154
10157
10159
10161
10162
10164
10167
10167
10169
10170
10173
10176
10178
10180
10181
10183
10186
10186
10188
10189
10192
10195
10197
10199
10200
10203
10205
10205
10207
10208
10211
10214
10218
10220
10221
10224
10227
10227
10227
10228
10231
10233
10233
10233
10233
10235
10238
10240
10242
10243
10246
10248
10250
10250
10251
10253
10254
10257
10257
10258
10260
10261
10263
10263
10263
10265
10267
10267
10267
10268
10270
10273
10277
10279
10280
10282
10283
10285
10285
10286
10289
10292
10296
10296
10297
10300
10302
10304
10306
10306
10308
10311
10311
10311
10311
10314
10314
10317
10317
10317
10320
10323
10327
10327
10327
10327
10330
10330
10330
10331
10333
10336
10338
10338
10339
10342
10345
10345
10345
10346
10348
10350
10352
10352
10353
10356
10359
10359
10359
10360
10362
10363
10365
10367
10368
10371
10374
10378
10378
10378
10380
10383
10387
10387
10388
10391
10393
10395
10395
10396
10399
10401
10401
10401
10402
10405
10407
10407
10407
10408
10410
10413
10417
10419
10419
10419
10419
10419
10420
10421
10423
10426
10426
10427
10428
10431
10434
10438
10438
10438
10438
10441
10445
10447
10448
10451
10453
10454
10456
10456
10458
10461
10463
10465
10466
10469
10469
10469
10469
10469
10472
10472
10475
10475
10476
10479
10481
10485
10487
10488
10491
10491
10493
10493
10494
10496
10499
10499
10501
10502
10502
10505
10507
10507
10508
10511
10514
10514
10516
10517
10520
10522
10522
10522
10523
10525
10527
10529
10529
10530
10532
10535
10535
10537
10538
10541
10544
10546
10546
10547
10550
10552
10554
10556
10557
10559
10562
10564
10564
10564
10564
10567
10569
10569
10570
10573
10575
10575
10577
10578
10581
10584
10584
10584
10584
10586
10589
10591
10591
10592
10594
10595
10597
10597
10597
10599
10601
10603
10605
10606
10609
10611
10615
10615
10615
10615
10618
10622
10622
10622
10625
10628
10628
10628
10628
10630
10632
10634
10634
10635
10638
10640
10641
10642
10642
10645
10648
10650
10650
10651
10654
10657
10657
10657
10658
10661
10661
10662
10662
10662
10665
10665
10667
10667
10668
10671
10671
10674
10674
10675
10678
10680
10680
10682
10682
10685
10687
10691
10691
10692
10692
10695
10696
10697
10698
10701
10703
10707
10707
10707
10707
10710
10710
10711
10712
10714
10715
10718
10718
10718
10720
10722
10722
10722
10723
10726
10729
10729
10729
10730
10733
10736
10738
10740
10741
10743
10746
10750
10750
10751
10753
10756
10756
10758
10759
10762
10765
10765
10765
10766
10768
10771
10771
10772
10772
10774
10777
10777
10777
10778
10781
10783
10785
10785
10785
10787
10789
10791
10791
10792
10795
10795
10796
10798
10799
10801
10803
10803
10803
10804
10807
10809
10811
10813
10814
10816
10817
10819
10819
10820
10823
10823
10826
10826
10826
10828
10828
10828
10830
10831
10834
10837
10837
10837
10838
10841
10844
10846
10848
10849
10852
10854
10854
10854
10855
10858
10861
10861
10861
10861
10862
10864
10865
10867
10867
10868
10870
10871
10871
10872
10875
10875
10877
10877
10878
10880
10883
10885
10885
10885
10887
10889
10893
10895
10896
10899
10901
10901
10901
10902
10905
10905
10907
10907
10908
10910
10913
10917
10917
10918
10921
10921
10923
10923
10924
10926
10929
10931
10931
10932
10934
10936
10936
10936
10937
10938
10940
10941
10941
10942
10945
10948
10948
10950
10951
10954
10957
10957
10957
10958
10959
10961
10963
10963
10964
10967
10969
10969
10971
10972
10975
10978
10978
10980
10981
10984
10986
10990
10990
10990
10990
10993
10993
10995
10995
10997
10999
11003
11003
11004
11007
11009
11011
11011
11012
11015
11017
11019
11019
11020
11022
11024
11024
11024
11025
11028
11031
11035
11035
11035
11037
11040
11040
11040
11040
11042
11045
11047
11047
11047
11049
11051
11053
11053
11054
11057
11059
11060
11062
11063
11066
11068
11070
11072
11073
11076
11079
11083
11083
11083
11083
11086
11086
11086
11087
11090
11093
11093
11093
11093
11095
11096
11099
11099
11100
11103
11106
11108
11110
11111
11114
11117
11119
11121
11122
11124
11127
11127
11129
11130
11132
11135
11137
11137
11138
11140
11141
11143
11145
11146
11149
11151
11151
11151
11152
11155
11158
11158
11160
11161
11164
11166
11168
11168
11169
11171
11172
11174
11174
11175
11176
11178
11180
11180
11181
11184
11187
11187
11187
11188
11191
11194
11194
11194
11195
11197
11199
11203
11205
11206
11209
11212
11212
11212
11213
11216
11218
11220
11220
11221
11224
11226
11230
11230
11231
11233
11234
11236
11236
11237
11240
11242
11244
11246
11247
11250
11253
11253
11253
11253
11256
11256
11256
11257
11258
11261
11261
11264
11266
11266
11266
11268
11270
11272
11273
11275
11277
11279
11279
11279
11281
11284
11284
11286
11287
11290
11292
11292
11292
11292
11294
11295
11299
11299
11300
11303
11306
11308
11308
11309
11312
11315
11317
11317
11318
11321
11324
11326
11326
11327
11330
11333
11335
11337
11338
11338
11341
11341
11341
11342
11345
11347
11351
11351
11351
11351
11354
11354
11354
11355
11358
11360
11362
11362
11363
11366
11369
11369
11371
11372
11375
11377
11377
11377
11377
11379
11381
11383
11383
11384
11386
11388
11388
11390
11391
11394
11397
11397
11397
11398
11401
11403
11405
11405
11406
11408
11411
11411
11413
11414
11417
11420
11424
11426
11426
11426
11426
11429
11431
11432
11435
11438
11440
11442
11443
11446
11448
11450
11450
11451
11453
11455
11456
11456
11456
11458
11461
11461
11461
11462
11464
11467
11471
11471
11472
11474
11477
11477
11477
11478
11481
11484
11484
11484
11485
11488
11488
11491
11493
11494
11497
11499
11500
11502
11503
11506
11509
11513
11515
11516
11519
11521
11523
11523
11524
11527
11529
11529
11529
11530
11533
11535
11535
11535
11536
11539
11541
11543
11543
11544
11547
11550
11552
11554
11555
11558
11560
11564
11564
11565
11567
11570
11570
11570
11570
11573
11575
11577
11577
11578
11580
11581
11584
11586
11587
11589
11590
11592
11594
11595
11598
11601
11605
11607
11608
11611
11614
11616
11618
11619
11619
11622
11624
11624
11624
11626
11627
11631
11633
11634
11637
11637
11641
11643
11644
11646
11649
11649
11649
11650
11652
11653
11655
11655
11655
11658
11658
11662
11662
11663
11666
11668
11670
11670
11671
11674
11677
11679
11681
11681
11681
11684
11688
11690
11691
11693
11694
11697
11697
11698
11701
11704
11706
11708
11709
11709
11712
11714
11716
11717
11720
11722
11722
11723
11723
11724
11726
11727
11727
11727
11730
11733
11733
11733
11733
11735
11737
11739
11739
11740
11743
11745
11747
11749
11750
11752
11755
11755
11755
11755
11757
11758
11759
11759
11760
11762
11764
11766
11768
11768
11771
11771
11774
11774
11774
11774
11777
11777
11777
11778
11780
11783
11783
11783
11784
11787
11790
11790
11790
11791
11793
11794
11797
11797
11798
11801
11804
11806
11808
11809
11811
11812
11814
11814
11815
11818
11821
11821
11821
11822
11825
11828
11828
11828
11828
11830
11831
11833
11833
11834
11837
11840
11842
11842
11842
11844
11847
11847
11849
11850
11853
11853
11853
11855
11855
11857
11858
11858
11860
11861
11863
11864
11867
11869
11869
11869
11872
11872
11872
11873
11876
11878
11878
11878
11879
11882
11885
11885
11885
11886
11889
11892
11892
11892
11893
11895
11898
11898
11898
11899
11902
11904
11906
11906
11906
11908
11909
11911
11911
11912
11914
11917
11917
11917
11918
11920
11922
11926
11926
11927
11930
11932
11932
11934
11935
11938
11940
11942
11942
11943
11946
11949
11953
11953
11954
11957
11959
11961
11963
11964
11967
11967
11970
11970
11970
11973
11973
11976
11976
11976
11979
11982
11986
11986
11986
11986
11989
11989
11989
11990
11992
11995
11997
11999
12000
12002
12003
12003
12004
12005
12007
12010
12012
12014
12015
12015
12018
12020
12022
12023
12026
12029
12033
12033
12034
12036
12039
12043
12045
12046
12049
12051
12053
12055
12056
12059
12062
12062
12062
12063
12066
12066
12068
12070
12071
12074
12077
12079
12079
12080
12083
12086
12088
12088
12089
12092
12095
12099
12099
12099
12102
12105
12109
12109
12110
12112
12114
12116
12118
12119
12122
12125
12127
12129
12130
12132
12135
12135
12137
12138
12138
12138
12140
12142
12142
12142
12145
12147
12149
12150
12153
12155
12159
12159
12160
12163
12166
12166
12166
12167
12169
12172
12174
12176
12177
12180
12183
12187
12187
12188
12190
12192
12193
12195
12195
12196
12198
12200
12202
12203
12206
12208
12210
12210
12211
12213
12214
12216
12218
12219
12222
12225
12227
12229
12230
12233
12236
12238
12238
12239
12242
12244
12245
12247
12248
12251
12254
12254
12254
12254
12256
12257
12259
12259
12259
12262
12265
12265
12267
12268
12271
12273
12273
12273
12274
12276
12279
12279
12279
12280
12283
12286
12288
12288
12289
12292
12295
12297
12297
12298
12298
12301
12303
12303
12304
12306
12307
12310
12310
12310
12311
12313
12315
12317
12318
12321
12324
12328
12328
12329
12331
12332
12335
12335
12336
12339
12342
12342
12342
12343
12346
12349
12349
12351
12352
12355
12355
12358
12358
12358
12361
12364
12364
12366
12367
12370
12372
12372
12372
12373
12376
12378
12378
12379
12379
12380
12382
12383
12383
12383
12385
12388
12388
12388
12389
12392
12395
12397
12399
12400
12403
12405
12405
12407
12408
12411
12414
12416
12418
12419
12422
12422
12424
12424
12425
12428
12431
12431
12433
12434
12436
12439
12441
12441
12442
12445
12448
12450
12450
12451
12453
12455
12455
12455
12456
12459
12462
12466
12466
12467
12470
12473
12477
12477
12478
12481
12484
12484
12484
12485
12488
12490
12492
12494
12494
12494
12495
12495
12497
12498
12500
12503
12503
12503
12504
12506
12509
12513
12513
12514
12517
12517
12517
12519
12519
12522
12524
12524
12526
12527
12530
12533
12533
12533
12533
12535
12537
12538
12538
12539
12542
12545
12547
12549
12550
12553
12555
12557
12557
12558
12561
12561
12563
12565
12566
12568
12570
12572
12572
12573
12576
12576
12578
12580
12581
12584
12587
12589
12591
12592
12595
12598
12600
12602
12603
12605
12606
12608
12608
12609
12612
12615
12617
12617
12617
12619
12620
12623
12623
12623
12624
12626
12626
12626
12627
12630
12632
12632
12632
12633
12635
12636
12638
12640
12641
12644
12646
12648
12650
12651
12653
12656
12656
12657
12658
12660
12663
12663
12664
12665
12668
12670
12670
12672
12672
12675
12675
12675
12676
12677
12677
12680
12680
12682
12683
12685
12687
12689
12689
12689
12691
12693
12694
12694
12695
12698
12698
12700
12702
12702
12705
12708
12712
12712
12713
12716
12719
12719
12721
12722
12725
12727
12731
12731
12732
12735
12738
12738
12738
12739
12742
12745
12747
12747
12748
12751
12754
12758
12758
12758
12758
12761
12763
12765
12766
12769
12769
12772
12772
12772
12774
12777
12779
12781
12782
12784
12787
12787
12789
12790
12793
12796
12798
12800
12801
12803
12806
12806
12808
12809
12812
12815
12817
12819
12820
12823
12825
12825
12827
12828
12831
12834
12838
12840
12841
12844
12847
12847
12847
12848
12851
12853
12853
12853
12853
12855
12858
12860
12862
12863
12866
12868
12870
12870
12871
12873
12874
12877
12877
12878
12880
12881
12883
12883
12883
12885
12887
12887
12887
12888
12890
12893
12897
12899
12900
12902
12903
12905
12905
12906
12909
12912
12916
12916
12917
12920
12922
12924
12926
12926
12928
12931
12931
12931
12931
12934
12934
12937
12937
12937
12940
12943
12947
12947
12947
12947
12950
12950
12950
12951
12953
12956
12958
12958
12959
12962
12965
12965
12965
12966
12968
12970
12972
12972
12973
12976
12979
12979
12979
12980
12982
12983
12985
12987
12988
12991
12994
12998
12998
12998
13000
13003
13007
13007
13008
13011
13013
13015
13015
13016
13019
13021
13021
13021
13022
13025
13027
13027
13027
13028
13030
13033
13037
13039
13039
13039
13039
13039
13040
13041
13043
13046
13046
13047
13048
13051
13054
13058
13058
13058
13058
13061
13065
13067
13068
13071
13073
13074
13076
13076
13078
13081
13083
13085
13086
13089
13089
13089
13089
13089
13092
13092
13095
13095
13096
13099
13101
13105
13107
13108
13111
13111
13113
13113
13114
13116
13119
13119
13121
13122
13122
13125
13127
13127
13128
13131
13134
13134
13136
13137
13140
13142
13142
13142
13143
13145
13147
13149
13149
13150
13152
13155
13155
13157
13158
13161
13164
13166
13166
13167
13170
13172
13174
13176
13177
13179
13182
13184
13184
13184
13184
13187
13189
13189
13190
13193
13195
13195
13197
13198
13201
13204
13204
13204
13204
13206
13209
13211
13211
13212
13214
13215
13217
13217
13217
13219
13221
13223
13225
13226
13229
13231
13235
13235
13235
13235
13238
13242
13242
13242
13245
13248
13248
13248
13248
13250
13252
13254
13254
13255
13258
13260
13261
13262
13262
13265
13268
13270
13270
13271
13274
13277
13277
13277
13278
13281
13281
13282
13282
13282
13285
13285
13287
13287
13288
13291
13291
13294
13294
13295
13298
13300
13300
13302
13302
13305
13307
13311
13311
13312
13312
13315
13316
13317
13318
13321
13323
13327
13327
13327
13327
13330
13330
13331
13332
13334
13335
13338
13338
13338
13340
13342
13342
13342
13343
13346
13349
13349
13349
13350
13353
13356
13358
13360
13361
13363
13366
13370
13370
13371
13373
13376
13376
13378
13379
13382
13385
13385
13385
13386
13388
13391
13391
13392
13392
13394
13397
13397
13397
13398
13401
13403
13405
13405
13405
13407
13409
13411
13411
13412
13415
13415
13416
13418
13419
13421
13423
13423
13423
13424
13427
13429
13431
13433
13434
13436
13437
13439
13439
13440
13443
13443
13446
13446
13446
13448
13448
13448
13450
13451
13454
13457
13457
13457
13458
13461
13464
13466
13468
13469
13472
13474
13474
13474
13475
13478
13481
13481
13481
13481
13482
13484
13485
13487
13487
13488
13490
13491
13491
13492
13495
13495
13497
13497
13498
13500
13503
13505
13505
13505
13507
13509
13513
13515
13516
13519
13521
13521
13521
13522
13525
13525
13527
13527
13528
13530
13533
13537
13537
13538
13541
13541
13543
13543
13544
13546
13549
13551
13551
13552
13554
13556
13556
13556
13557
13558
13560
13561
13561
13562
13565
13568
13568
13570
13571
13574
13577
13577
13577
13578
13579
13581
13583
13583
13584
13587
13589
13589
13591
13592
13595
13598
13598
13600
13601
13604
13606
13610
13610
13610
13610
13613
13613
13615
13615
13617
13619
13623
13623
13624
13627
13629
13631
13631
13632
13635
13637
13639
13639
13640
13642
13644
13644
13644
13645
13648
13651
13655
13655
13655
13657
13660
13660
13660
13660
13662
13665
13667
13667
13667
13669
13671
13673
13673
13674
13677
13679
13680
13682
13683
13686
13688
13690
13692
13693
13696
13699
13703
13703
13703
13703
13706
13706
13706
13707
13710
13713
13713
13713
13713
13715
13716
13719
13719
13720
13723
13726
13728
13730
13731
13734
13737
13739
13741
13742
13744
13747
13747
13749
13750
13752
13755
13757
13757
13758
13760
13761
13763
13765
13766
13769
13771
13771
13771
13772
13775
13778
13778
13780
13781
13784
13786
13788
13788
13789
13791
13792
13794
13794
13795
13796
13798
13800
13800
13801
13804
13807
13807
13807
13808
13811
13814
13814
13814
13815
13817
13819
13823
13825
13826
13829
13832
13832
13832
13833
13836
13838
13840
13840
13841
13844
13846
13850
13850
13851
13853
13854
13856
13856
13857
13860
13862
13864
13866
13867
13870
13873
13873
13873
13873
13876
13876
13876
13877
13878
13881
13881
13884
13886
13886
13886
13888
13890
13892
13893
13895
13897
13899
13899
13899
13901
13904
13904
13906
13907
13910
13912
13912
13912
13912
13914
13915
13919
13919
13920
13923
13926
13928
13928
13929
13932
13935
13937
13937
13938
13941
13944
13946
13946
13947
13950
13953
13955
13957
13958
13958
13961
13961
13961
13962
13965
13967
13971
13971
13971
13971
13974
13974
13974
13975
13978
13980
13982
13982
13983
13986
13989
13989
13991
13992
13995
13997
13997
13997
13997
13999
14001
14003
14003
14004
14006
14008
14008
14010
14011
14014
14017
14017
14017
14018
14021
14023
14025
14025
14026
14028
14031
14031
14033
14034
14037
14040
14044
14046
14046
14046
14046
14049
14051
14052
14055
14058
14060
14062
14063
14066
14068
14070
14070
14071
14073
14075
14076
14076
14076
14078
14081
14081
14081
14082
14084
14087
14091
14091
14092
14094
14097
14097
14097
14098
14101
14104
14104
14104
14105
14108
14108
14111
14113
14114
14117
14119
14120
14122
14123
14126
14129
14133
14135
14136
14139
14141
14143
14143
14144
14147
14149
14149
14149
14150
14153
14155
14155
14155
14156
14159
14161
14163
14163
14164
14167
14170
14172
14174
14175
14178
14180
14184
14184
14185
14187
14190
14190
14190
14190
14193
14195
14197
14197
14198
14200
14201
14204
14206
14207
14209
14210
14212
14214
14215
14218
14221
14225
14227
14228
14231
14234
14236
14238
14239
14239
14242
14244
14244
14244
14246
14247
14251
14253
14254
14257
14257
14261
14263
14264
14266
14269
14269
14269
14270
14272
14273
14275
14275
14275
14278
14278
14282
14282
14283
14286
14288
14290
14290
14291
14294
14297
14299
14301
14301
14301
14304
14308
14310
14311
14313
14314
14317
14317
14318
14321
14324
14326
14328
14329
14329
14332
14334
14336
14337
14340
14342
14342
14343
14343
14344
14346
14347
14347
14347
14350
14353
14353
14353
14353
14355
14357
14359
14359
14360
14363
14365
14367
14369
14370
14372
14375
14375
14375
14375
14377
14378
14379
14379
14380
14382
14384
14386
14388
14388
14391
14391
14394
14394
14394
14394
14397
14397
14397
14398
14400
14403
14403
14403
14404
14407
14410
14410
14410
14411
14413
14414
14417
14417
14418
14421
14424
14426
14428
14429
14431
14432
14434
14434
14435
14438
14441
14441
14441
14442
14445
14448
14448
14448
14448
14450
14451
14453
14453
14454
14457
14460
14462
14462
14462
14464
14467
14467
14469
14470
14473
14473
14473
14475
14475
14477
14478
14478
14480
14481
14483
14484
14487
14489
14489
14489
14492
14492
14492
14493
14496
14498
14498
14498
14499
14502
14505
14505
14505
14506
14509
14512
14512
14512
14513
14515
14518
14518
14518
14519
14522
14524
14526
14526
14526
14528
14529
14531
14531
14532
14534
14537
14537
14537
14538
14540
14542
14546
14546
14547
14550
14552
14552
14554
14555
14558
14560
14562
14562
14563
14566
14569
14573
14573
14574
14577
14579
14581
14583
14584
14587
14587
14590
14590
14590
14593
14593
14596
14596
14596
14599
14602
14606
14606
14606
14606
14609
14609
14609
14610
14612
14615
14617
14619
14620
14622
14623
14623
14624
14625
14627
14630
14632
14634
14635
14635
14638
14640
14642
14643
14646
14649
14653
14653
14654
14656
14659
14663
14665
14666
14669
14671
14673
14675
14676
14679
14682
14682
14682
14683
14686
14686
14688
14690
14691
14694
14697
14699
14699
14700
14703
14706
14708
14708
14709
14712
14715
14719
14719
14719
14722
14725
14729
14729
14730
14732
14734
14736
14738
14739
14742
14745
14747
14749
14750
14752
14755
14755
14757
14758
14758
14758
14760
14762
14762
14762
14765
14767
14769
14770
14773
14775
14779
14779
14780
14783
14786
14786
14786
14787
14789
14792
14794
14796
14797
14800
14803
14807
14807
14808
14810
14812
14813
14815
14815
14816
14818
14820
14822
14823
14826
14828
14830
14830
14831
14833
14834
14836
14838
14839
14842
14845
14847
14849
14850
14853
14856
14858
14858
14859
14862
14864
14865
14867
14868
14871
14874
14874
14874
14874
14876
14877
14879
14879
14879
14882
14885
14885
14887
14888
14891
14893
14893
14893
14894
14896
14899
14899
14899
14900
14903
14906
14908
14908
14909
14912
14915
14917
14917
14918
14918
14921
14923
14923
14924
14926
14927
14930
14930
14930
14931
14933
14935
14937
14938
14941
14944
14948
14948
14949
14951
14952
14955
14955
14956
14959
14962
14962
14962
14963
14966
14969
14969
14971
14972
14975
14975
14978
14978
14978
14981
14984
14984
14986
14987
14990
14992
14992
14992
14993
14996
14998
14998
14999
14999
15000
15002
15003
15003
15003
15005
15008
15008
15008
15009
15012
15015
15017
15019
15020
15023
15025
15025
15027
15028
15031
15034
15036
15038
15039
15042
15042
15044
15044
15045
15048
15051
15051
15053
15054
15056
15059
15061
15061
15062
15065
15068
15070
15070
15071
15073
15075
15075
15075
15076
15079
15082
15086
15086
15087
15090
15093
15097
15097
15098
15101
15104
15104
15104
15105
15108
15110
15112
15114
15114
15114
15115
15115
15117
15118
15120
15123
15123
15123
15124
15126
15129
15133
15133
15134
15137
15137
15137
15139
15139
15142
15144
15144
15146
15147
15150
15153
15153
15153
15153
15155
15157
15158
15158
15159
15162
15165
15167
15169
15170
15173
15175
15177
15177
15178
15181
15181
15183
15185
15186
15188
15190
15192
15192
15193
15196
15196
15198
15200
15201
15204
15207
15209
15211
15212
15215
15218
15220
15222
15223
15225
15226
15228
15228
15229
15232
15235
15237
15237
15237
15239
15240
15243
15243
15243
15244
15246
15246
15246
15247
15250
15252
15252
15252
15253
15255
15256
15258
15260
15261
15264
15266
15268
15270
15271
15273
15276
15276
15277
15278
15280
15283
15283
15284
15285
15288
15290
15290
15292
15292
15295
15295
15295
15296
15297
15297
15300
15300
15302
15303
15305
15307
15309
15309
15309
15311
15313
15314
15314
15315
15318
15318
15320
15322
15322
15325
15328
15332
15332
15333
15336
15339
15339
15341
15342
15345
15347
15351
15351
15352
15355
15358
15358
15358
15359
15362
15365
15367
15367
15368
15371
15374
15378
15378
15378
15378
15381
15383
15385
15386
15389
15389
15392
15392
15392
15394
15397
15399
15401
15402
15404
15407
15407
15409
15410
15413
15416
15418
15420
15421
15423
15426
15426
15428
15429
15432
15435
15437
15439
15440
15443
15445
15445
15447
15448
15451
15454
15458
15460
15461
15464
15467
15467
15467
15468
15471
15473
15473
15473
15473
15475
15478
15480
15482
15483
15486
15488
15490
15490
15491
15493
15494
15497
15497
15498
15500
15501
15503
15503
15503
15505
15507
15507
15507
15508
15510
15513
15517
15519
15520
15522
15523
15525
15525
15526
15529
15532
15536
15536
15537
15540
15542
15544
15546
15546
15548
15551
15551
15551
15551
15554
15554
15557
15557
15557
15560
15563
15567
15567
15567
15567
15570
15570
15570
15571
15573
15576
15578
15578
15579
15582
15585
15585
15585
15586
15588
15590
15592
15592
15593
15596
15599
15599
15599
15600
15602
15603
15605
15607
15608
15611
15614
15618
15618
15618
15620
15623
15627
15627
15628
15631
15633
15635
15635
15636
15639
15641
15641
15641
15642
15645
15647
15647
15647
15648
15650
15653
15657
15659
15659
15659
15659
15659
15660
15661
15663
15666
15666
15667
15668
15671
15674
15678
15678
15678
15678
15681
15685
15687
15688
15691
15693
15694
15696
15696
15698
15701
15703
15705
15706
15709
15709
15709
15709
15709
15712
15712
15715
15715
15716
15719
15721
15725
15727
15728
15731
15731
15733
15733
15734
15736
15739
15739
15741
15742
15742
15745
15747
15747
15748
15751
15754
15754
15756
15757
15760
15762
15762
15762
15763
15765
15767
15769
15769
15770
15772
15775
15775
15777
15778
15781
15784
15786
15786
15787
15790
15792
15794
15796
15797
15799
15802
15804
15804
15804
15804
15807
15809
15809
15810
15813
15815
15815
15817
15818
15821
15824
15824
15824
15824
15826
15829
15831
15831
15832
15834
15835
15837
15837
15837
15839
15841
15843
15845
15846
15849
15851
15855
15855
15855
15855
15858
15862
15862
15862
15865
15868
15868
15868
15868
15870
15872
15874
15874
15875
15878
15880
15881
15882
15882
15885
15888
15890
15890
15891
15894
15897
15897
15897
15898
15901
15901
15902
15902
15902
15905
15905
15907
15907
15908
15911
15911
15914
15914
15915
15918
15920
15920
15922
15922
15925
15927
15931
15931
15932
15932
15935
15936
15937
15938
15941
15943
15947
15947
15947
15947
15950
15950
15951
15952
15954
15955
15958
15958
15958
15960
15962
15962
15962
15963
15966
15969
15969
15969
15970
15973
15976
15978
15980
15981
15983
15986
15990
15990
15991
15993
15996
15996
15998
15999
16002
16005
16005
16005
16006
16008
16011
16011
16012
16012
16014
16017
16017
16017
16018
16021
16023
16025
16025
16025
16027
16029
16031
16031
16032
16035
16035
16036
16038
16039
16041
16043
16043
16043
16044
16047
16049
16051
16053
16054
16056
16057
16059
16059
16060
16063
16063
16066
16066
16066
16068
16068
16068
16070
16071
16074
16077
16077
16077
16078
16081
16084
16086
16088
16089
16092
16094
16094
16094
16095
16098
16101
16101
16101
16101
16102
16104
16105
16107
16107
16108
16110
16111
16111
16112
16115
16115
16117
16117
16118
16120
16123
16125
16125
16125
16127
16129
16133
16135
16136
16139
16141
16141
16141
16142
16145
16145
16147
16147
16148
16150
16153
16157
16157
16158
16161
16161
16163
16163
16164
16166
16169
16171
16171
16172
16174
16176
16176
16176
16177
16178
16180
16181
16181
16182
16185
16188
16188
16190
16191
16194
16197
16197
16197
16198
16199
16201
16203
16203
16204
16207
16209
16209
16211
16212
16215
16218
16218
16220
16221
16224
16226
16230
16230
16230
16230
16233
16233
16235
16235
16237
16239
16243
16243
16244
16247
16249
16251
16251
16252
16255
16257
16259
16259
16260
16262
16264
16264
16264
16265
16268
16271
16275
16275
16275
16277
16280
16280
16280
16280
16282
16285
16287
16287
16287
16289
16291
16293
16293
16294
16297
16299
16300
16302
16303
16306
16308
16310
16312
16313
16316
16319
16323
16323
16323
16323
16326
16326
16326
16327
16330
16333
16333
16333
16333
16335
16336
16339
16339
16340
16343
16346
16348
16350
16351
16354
16357
16359
16361
16362
16364
16367
16367
16369
16370
16372
16375
16377
16377
16378
16380
16381
16383
16385
16386
16389
16391
16391
16391
16392
16395
16398
16398
16400
16401
16404
16406
16408
16408
16409
16411
16412
16414
16414
16415
16416
16418
16420
16420
16421
16424
16427
16427
16427
16428
16431
16434
16434
16434
16435
16437
16439
16443
16445
16446
16449
16452
16452
16452
16453
16456
16458
16460
16460
16461
16464
16466
16470
16470
16471
16473
16474
16476
16476
16477
16480
16482
16484
16486
16487
16490
16493
16493
16493
16493
16496
16496
16496
16497
16498
16501
16501
16504
16506
16506
16506
16508
16510
16512
16513
16515
16517
16519
16519
16519
16521
16524
16524
16526
16527
16530
16532
16532
16532
16532
16534
16535
16539
16539
16540
16543
16546
16548
16548
16549
16552
16555
16557
16557
16558
16561
16564
16566
16566
16567
16570
16573
16575
16577
16578
16578
16581
16581
16581
16582
16585
16587
16591
16591
16591
16591
16594
16594
16594
16595
16598
16600
16602
16602
16603
16606
16609
16609
16611
16612
16615
16617
16617
16617
16617
16619
16621
16623
16623
16624
16626
16628
16628
16630
16631
16634
16637
16637
16637
16638
16641
16643
16645
16645
16646
16648
16651
16651
16653
16654
16657
16660
16664
16666
16666
16666
16666
16669
16671
16672
16675
16678
16680
16682
16683
16686
16688
16690
16690
16691
16693
16695
16696
16696
16696
16698
16701
16701
16701
16702
16704
16707
16711
16711
16712
16714
16717
16717
16717
16718
16721
16724
16724
16724
16725
16728
16728
16731
16733
16734
16737
16739
16740
16742
16743
16746
16749
16753
16755
16756
16759
16761
16763
16763
16764
16767
16769
16769
16769
16770
16773
16775
16775
16775
16776
16779
16781
16783
16783
16784
16787
16790
16792
16794
16795
16798
16800
16804
16804
16805
16807
16810
16810
16810
16810
16813
16815
16817
16817
16818
16820
16821
16824
16826
16827
16829
16830
16832
16834
16835
16838
16841
16845
16847
16848
16851
16854
16856
16858
16859
16859
16862
16864
16864
16864
16866
16867
16871
16873
16874
16877
16877
16881
16883
16884
16886
16889
16889
16889
16890
16892
16893
16895
16895
16895
16898
16898
16902
16902
16903
16906
16908
16910
16910
16911
16914
16917
16919
16921
16921
16921
16924
16928
16930
16931
16933
16934
16937
16937
16938
16941
16944
16946
16948
16949
16949
16952
16954
16956
16957
16960
16962
16962
16963
16963
16964
16966
16967
16967
16967
16970
16973
16973
16973
16973
16975
16977
16979
16979
16980
16983
16985
16987
16989
16990
16992
16995
16995
16995
16995
16997
16998
16999
16999
17000
17002
17004
17006
17008
17008
17011
17011
17014
17014
17014
17014
17017
17017
17017
17018
17020
17023
17023
17023
17024
17027
17030
17030
17030
17031
17033
17034
17037
17037
17038
17041
17044
17046
17048
17049
17051
17052
17054
17054
17055
17058
17061
17061
17061
17062
17065
17068
17068
17068
17068
17070
17071
17073
17073
17074
17077
17080
17082
17082
17082
17084
17087
17087
17089
17090
17093
17093
17093
17095
17095
17097
17098
17098
17100
17101
17103
17104
17107
17109
17109
17109
17112
17112
17112
17113
17116
17118
17118
17118
17119
17122
17125
17125
17125
17126
17129
17132
17132
17132
17133
17135
17138
17138
17138
17139
17142
17144
17146
17146
17146
17148
17149
17151
17151
17152
17154
17157
17157
17157
17158
17160
17162
17166
17166
17167
17170
17172
17172
17174
17175
17178
17180
17182
17182
17183
17186
17189
17193
17193
17194
17197
17199
17201
17203
17204
17207
17207
17210
17210
17210
17213
17213
17216
17216
17216
17219
17222
17226
17226
17226
17226
17229
17229
17229
17230
17232
17235
17237
17239
17240
17242
17243
17243
17244
17245
17247
17250
17252
17254
17255
17255
17258
17260
17262
17263
17266
17269
17273
17273
17274
17276
17279
17283
17285
17286
17289
17291
17293
17295
17296
17299
17302
17302
17302
17303
17306
17306
17308
17310
17311
17314
17317
17319
17319
17320
17323
17326
17328
17328
17329
17332
17335
17339
17339
17339
17342
17345
17349
17349
17350
17352
17354
17356
17358
17359
17362
17365
17367
17369
17370
17372
17375
17375
17377
17378
17378
17378
17380
17382
17382
17382
17385
17387
17389
17390
17393
17395
17399
17399
17400
17403
17406
17406
17406
17407
17409
17412
17414
17416
17417
17420
17423
17427
17427
17428
17430
17432
17433
17435
17435
17436
17438
17440
17442
17443
17446
17448
17450
17450
17451
17453
17454
17456
17458
17459
17462
17465
17467
17469
17470
17473
17476
17478
17478
17479
17482
17484
17485
17487
17488
17491
17494
17494
17494
17494
17496
17497
17499
17499
17499
17502
17505
17505
17507
17508
17511
17513
17513
17513
17514
17516
17519
17519
17519
17520
17523
17526
17528
17528
17529
17532
17535
17537
17537
17538
17538
17541
17543
17543
17544
17546
17547
17550
17550
17550
17551
17553
17555
17557
17558
17561
17564
17568
17568
17569
17571
17572
17575
17575
17576
17579
17582
17582
17582
17583
17586
17589
17589
17591
17592
17595
17595
17598
17598
17598
17601
17604
17604
17606
17607
17610
17612
17612
17612
17613
17616
17618
17618
17619
17619
17620
17622
17623
17623
17623
17625
17628
17628
17628
17629
17632
17635
17637
17639
17640
17643
17645
17645
17647
17648
17651
17654
17656
17658
17659
17662
17662
17664
17664
17665
17668
17671
17671
17673
17674
17676
17679
17681
17681
17682
17685
17688
17690
17690
17691
17693
17695
17695
17695
17696
17699
17702
17706
17706
17707
17710
17713
17717
17717
17718
17721
17724
17724
17724
17725
17728
17730
17732
17734
17734
17734
17735
17735
17737
17738
17740
17743
17743
17743
17744
17746
17749
17753
17753
17754
17757
17757
17757
17759
17759
17762
17764
17764
17766
17767
17770
17773
17773
17773
17773
17775
17777
17778
17778
17779
17782
17785
17787
17789
17790
17793
17795
17797
17797
17798
17801
17801
17803
17805
17806
17808
17810
17812
17812
17813
17816
17816
17818
17820
17821
17824
17827
17829
17831
17832
17835
17838
17840
17842
17843
17845
17846
17848
17848
17849
17852
17855
17857
17857
17857
17859
17860
17863
17863
17863
17864
17866
17866
17866
17867
17870
17872
